0 i 1
0 f 5
0 s 11
0 e 18
0 w 25
0 c 31
0 v 36
0 r 41
0 / 48
0 ! 74
0 ] 83
0 [ 81
0 { 79
0 } 77
0 = 71
0 < 64
0 > 62
0 * 59
0 - 57
0 + 55
0 b 53
0 g 53
0 j 53
0 k 53
0 m 53
0 p 53
0 q 53
0 x 53
0 y 53
0 z 53
0 0 85
0 1 85
0 2 85
0 3 85
0 4 85
0 5 85
0 6 85
0 7 85
0 8 85
0 9 85
1 f 23
1 n 2
2 t 3
3 @ 4
5 l 6
6 o 7
7 a 8
8 t 9
9 @ 10
11 t 12
12 r 13
13 u 14
14 c 15
15 t 16
16 @ 17
18 l 19
19 s 20
20 e 21
21 @ 22
23 @ 24
25 h 26
26 i 27
27 l 28
28 e 29
29 @ 30
31 h 32
32 a 33
33 r 34
34 @ 35
36 o 37
37 i 38
38 d 39
39 @ 40
41 e 42
42 t 43
43 u 44
44 r 45
45 n 46
46 @ 47
48 @ 61
48 * 49
49 0 49
49 1 49
49 2 49
49 3 49
49 4 49
49 5 49
49 6 49
49 7 49
49 8 49
49 9 49
49 * 50
50 / 51
51 @ 52
53 b 53
53 g 53
53 j 53
53 k 53
53 m 53
53 p 53
53 q 53
53 x 53
53 y 53
53 z 53
53 0 53
53 1 53
53 2 53
53 3 53
53 4 53
53 5 53
53 6 53
53 7 53
53 8 53
53 9 53
53 @ 54
55 0 86
55 1 86
55 2 86
55 3 86
55 4 86
55 5 86
55 6 86
55 7 86
55 8 86
55 9 86
55 @ 56
57 0 86
57 1 86
57 2 86
57 3 86
57 4 86
57 5 86
57 6 86
57 7 86
57 8 86
57 9 86
57 @ 58
59 @ 60
62 = 67
62 @ 63
64 = 69
64 @ 65
67 @ 68
69 @ 70
71 @ 66
71 = 72
72 @ 73
77 @ 78
79 @ 80
81 @ 82
74 = 75
75 @ 76
81 @ 82
83 @ 84
85 0 85
85 1 85
85 2 85
85 3 85
85 4 85
85 5 85
85 6 85
85 7 85
85 8 85
85 9 85
85 . 87
85 @ 86
87 0 88
87 1 88
87 2 88
87 3 88
87 4 88
87 5 88
87 6 88
87 7 88
87 8 88
87 9 88
88 0 88
88 1 88
88 2 88
88 3 88
88 4 88
88 5 88
88 6 88
88 7 88
88 8 88
88 9 88
88 @ 89